At time 1727526512.490191713
- Translation: [0.000, 0.000, 0.000]
- Rotation: in Quaternion [0.000, 0.000, -0.104, 0.995]
- Rotation: in RPY (radian) [0.000, 0.000, -0.209]
- Rotation: in RPY (degree) [0.000, 0.000, -11.962]
- Matrix:
  0.978  0.207  0.000  0.000
 -0.207  0.978 -0.000  0.000
 -0.000  0.000  1.000  0.000
  0.000  0.000  0.000  1.000
At time 1727526513.482887428
- Translation: [0.000, 0.000, 0.000]
- Rotation: in Quaternion [0.000, 0.000, -0.104, 0.995]
- Rotation: in RPY (radian) [0.000, 0.000, -0.209]
- Rotation: in RPY (degree) [0.000, 0.000, -11.962]
- Matrix:
  0.978  0.207  0.000  0.000
 -0.207  0.978 -0.000  0.000
 -0.000  0.000  1.000  0.000
  0.000  0.000  0.000  1.000
At time 1727526514.490242875
- Translation: [0.000, 0.000, 0.000]
- Rotation: in Quaternion [0.000, 0.000, -0.104, 0.995]
- Rotation: in RPY (radian) [0.000, 0.000, -0.209]
- Rotation: in RPY (degree) [0.000, 0.000, -11.962]
- Matrix:
  0.978  0.207  0.000  0.000
 -0.207  0.978 -0.000  0.000
 -0.000  0.000  1.000  0.000
  0.000  0.000  0.000  1.000
At time 1727526515.482533691
- Translation: [0.000, 0.000, 0.000]
- Rotation: in Quaternion [0.000, 0.000, -0.104, 0.995]
- Rotation: in RPY (radian) [0.000, 0.000, -0.209]
- Rotation: in RPY (degree) [0.000, 0.000, -11.962]
- Matrix:
  0.978  0.207  0.000  0.000
 -0.207  0.978 -0.000  0.000
 -0.000  0.000  1.000  0.000
  0.000  0.000  0.000  1.000
At time 1727526516.490239979
- Translation: [0.000, 0.000, 0.000]
- Rotation: in Quaternion [0.000, 0.000, -0.104, 0.995]
- Rotation: in RPY (radian) [0.000, 0.000, -0.209]
- Rotation: in RPY (degree) [0.000, 0.000, -11.962]
- Matrix:
  0.978  0.207  0.000  0.000
 -0.207  0.978 -0.000  0.000
 -0.000  0.000  1.000  0.000
  0.000  0.000  0.000  1.000
At time 1727526517.483074521
- Translation: [0.000, 0.000, 0.000]
- Rotation: in Quaternion [0.000, 0.000, -0.104, 0.995]
- Rotation: in RPY (radian) [0.000, 0.000, -0.209]
- Rotation: in RPY (degree) [0.000, 0.000, -11.962]
- Matrix:
  0.978  0.207  0.000  0.000
 -0.207  0.978 -0.000  0.000
 -0.000  0.000  1.000  0.000
  0.000  0.000  0.000  1.000
At time 1727526518.490741297
- Translation: [0.000, 0.000, 0.000]
- Rotation: in Quaternion [0.000, 0.000, -0.104, 0.995]
- Rotation: in RPY (radian) [0.000, 0.000, -0.209]
- Rotation: in RPY (degree) [0.000, 0.000, -11.962]
- Matrix:
  0.978  0.207  0.000  0.000
 -0.207  0.978 -0.000  0.000
 -0.000  0.000  1.000  0.000
  0.000  0.000  0.000  1.000
At time 1727526519.483260121
- Translation: [0.000, 0.000, 0.000]
- Rotation: in Quaternion [0.000, 0.000, -0.104, 0.995]
- Rotation: in RPY (radian) [0.000, 0.000, -0.209]
- Rotation: in RPY (degree) [0.000, 0.000, -11.962]
- Matrix:
  0.978  0.207  0.000  0.000
 -0.207  0.978 -0.000  0.000
 -0.000  0.000  1.000  0.000
  0.000  0.000  0.000  1.000
At time 1727526520.490597349
- Translation: [0.000, 0.000, 0.000]
- Rotation: in Quaternion [0.000, 0.000, -0.104, 0.995]
- Rotation: in RPY (radian) [0.000, 0.000, -0.209]
- Rotation: in RPY (degree) [0.000, 0.000, -11.962]
- Matrix:
  0.978  0.207  0.000  0.000
 -0.207  0.978 -0.000  0.000
 -0.000  0.000  1.000  0.000
  0.000  0.000  0.000  1.000
At time 1727526521.483159048
- Translation: [0.481, 1.215, 0.000]
- Rotation: in Quaternion [0.000, 0.000, -0.703, 0.712]
- Rotation: in RPY (radian) [0.000, 0.000, -1.558]
- Rotation: in RPY (degree) [0.000, 0.000, -89.275]
- Matrix:
  0.013  1.000  0.000  0.481
 -1.000  0.013 -0.000  1.215
 -0.000  0.000  1.000  0.000
  0.000  0.000  0.000  1.000
At time 1727526522.490760833
- Translation: [-0.042, -1.097, 0.000]
- Rotation: in Quaternion [0.000, 0.000, 0.894, -0.449]
- Rotation: in RPY (radian) [0.000, -0.000, -2.211]
- Rotation: in RPY (degree) [0.000, -0.000, -126.680]
- Matrix:
 -0.597  0.802  0.000 -0.042
 -0.802 -0.597  0.000 -1.097
  0.000  0.000  1.000  0.000
  0.000  0.000  0.000  1.000
At time 1727526523.483218767
- Translation: [1.659, -1.490, 0.000]
- Rotation: in Quaternion [0.000, 0.000, -0.180, 0.984]
- Rotation: in RPY (radian) [0.000, 0.000, -0.362]
- Rotation: in RPY (degree) [0.000, 0.000, -20.761]
- Matrix:
  0.935  0.354  0.000  1.659
 -0.354  0.935 -0.000 -1.490
 -0.000  0.000  1.000  0.000
  0.000  0.000  0.000  1.000
At time 1727526524.490973631
- Translation: [2.256, -0.265, 0.000]
- Rotation: in Quaternion [0.000, 0.000, -0.248, 0.969]
- Rotation: in RPY (radian) [0.000, 0.000, -0.502]
- Rotation: in RPY (degree) [0.000, 0.000, -28.759]
- Matrix:
  0.877  0.481  0.000  2.256
 -0.481  0.877 -0.000 -0.265
 -0.000  0.000  1.000  0.000
  0.000  0.000  0.000  1.000
At time 1727526525.482702207
- Translation: [2.304, -0.494, 0.000]
- Rotation: in Quaternion [0.000, 0.000, -0.266, 0.964]
- Rotation: in RPY (radian) [0.000, 0.000, -0.538]
- Rotation: in RPY (degree) [0.000, 0.000, -30.825]
- Matrix:
  0.859  0.512  0.000  2.304
 -0.512  0.859 -0.000 -0.494
 -0.000  0.000  1.000  0.000
  0.000  0.000  0.000  1.000
At time 1727526526.490540279
- Translation: [1.176, -0.298, 0.000]
- Rotation: in Quaternion [0.000, 0.000, 0.884, -0.468]
- Rotation: in RPY (radian) [0.000, -0.000, -2.168]
- Rotation: in RPY (degree) [0.000, -0.000, -124.214]
- Matrix:
 -0.562  0.827  0.000  1.176
 -0.827 -0.562  0.000 -0.298
  0.000  0.000  1.000  0.000
  0.000  0.000  0.000  1.000
At time 1727526527.483455873
- Translation: [0.768, -1.565, 0.000]
- Rotation: in Quaternion [0.000, 0.000, -0.658, 0.753]
- Rotation: in RPY (radian) [0.000, 0.000, -1.435]
- Rotation: in RPY (degree) [0.000, 0.000, -82.224]
- Matrix:
  0.135  0.991  0.000  0.768
 -0.991  0.135 -0.000 -1.565
 -0.000  0.000  1.000  0.000
  0.000  0.000  0.000  1.000
At time 1727526528.490215491
- Translation: [2.273, -1.268, 0.000]
- Rotation: in Quaternion [0.000, 0.000, -0.252, 0.968]
- Rotation: in RPY (radian) [0.000, 0.000, -0.508]
- Rotation: in RPY (degree) [0.000, 0.000, -29.133]
- Matrix:
  0.873  0.487  0.000  2.273
 -0.487  0.873 -0.000 -1.268
 -0.000  0.000  1.000  0.000
  0.000  0.000  0.000  1.000
At time 1727526529.482566755
- Translation: [1.993, -0.335, 0.000]
- Rotation: in Quaternion [0.000, 0.000, -0.027, 1.000]
- Rotation: in RPY (radian) [0.000, 0.000, -0.053]
- Rotation: in RPY (degree) [0.000, 0.000, -3.050]
- Matrix:
  0.999  0.053  0.000  1.993
 -0.053  0.999 -0.000 -0.335
 -0.000  0.000  1.000  0.000
  0.000  0.000  0.000  1.000
At time 1727526530.491118338
- Translation: [1.001, -0.079, 0.000]
- Rotation: in Quaternion [0.000, 0.000, 0.057, 0.998]
- Rotation: in RPY (radian) [0.000, -0.000, 0.115]
- Rotation: in RPY (degree) [0.000, -0.000, 6.591]
- Matrix:
  0.993 -0.115  0.000  1.001
  0.115  0.993  0.000 -0.079
  0.000  0.000  1.000  0.000
  0.000  0.000  0.000  1.000
At time 1727526531.483060691
- Translation: [0.503, -0.019, 0.000]
- Rotation: in Quaternion [0.000, 0.000, 0.097, 0.995]
- Rotation: in RPY (radian) [0.000, -0.000, 0.194]
- Rotation: in RPY (degree) [0.000, -0.000, 11.115]
- Matrix:
  0.981 -0.193  0.000  0.503
  0.193  0.981  0.000 -0.019
  0.000  0.000  1.000  0.000
  0.000  0.000  0.000  1.000
